29.48
5.78
14.41
64.77
64.41
2.44
1.23
4.86
8.71
12.24
8.81
8.80
13.07
21.59
13.41
13.57
2.80
208.75
116.29
1.13
326.06
342.70
343.71
1.02
20.85
70.07
2.36
72.23
39.61
4.29
44.59
0.81
4.94
14.33
39.56
77.85
28.02
225.46
46.60
46.61
6.89
137.71
63.90
63.90
22.77
2.68
1.69
5.13
18.19
3.53
31.65
1.29
17.85
18.36
5.50
84.47
185.29
143.99
57.02
117.66
83.84
2.18
23.25
6.57
135.82
53.31
15.32
13.31
64.17
99.27
102.12
6.47
17.31
48.33
0.80
3.41
1.19
4.04
10.32
1.35
5.91
5.33
45.82
16.44
218.08
7.30
148.96
227.12
375.08
307.87
478.00
316.63
445.66
316.67
316.67
445.66
377.43
273.85
514.88
317.27
333.27
365.96
302.59
439.93
363.48
613.29
779.47
689.24
140.93
137.25
224.64
208.47
269.60
273.72
273.72
273.72
7.37
32.77
1.75
2.89
16.39
70.83
68.76
12.47
91.24
1.66
167.20
97.10
186.95
1.77
12.78
215.00
226.39
161.64
93.08
238.69
352.66
238.69
299.86
161.96
15.00
9.25
125.77
66.39
355.28
83.22
74.03
4.18
16.82
64.79
59.54
72.62
87.19
29.63
61.18
