383.99
237.99
75.99
74.99
202.99
18.99
11.99
4.99
199.99
99.99
99.99
104.99
71.99
89.99
66.99
8.99
122.99
31.99
121.99
121.99
229.99
9.99
93.99
568.99
106.99
106.99
106.99
106.99
106.99
109.99
115.99
115.99
127.99
127.99
128.99
128.99
128.99
128.99
128.99
129.99
141.99
141.99
141.99
159.99
162.99
165.99
169.99
178.99
181.99
203.99
252.99
316.99
316.99
372.99
416.99
76.99
92.99
92.99
92.99
97.99
27.99
27.99
35.99
35.99
37.99
37.99
29.99
271.99
301.99
335.99
348.99
427.99
456.99
511.99
526.99
576.99
324.99
337.99
345.99
352.99
357.99
446.99
34.99
36.99
36.99
37.99
34.99
34.99
34.99
34.99
36.99
36.99
36.99
36.99
36.99
36.99
36.99
36.99
36.99
36.99
36.99
36.99
36.99
36.99
37.99
37.99
37.99
37.99
37.99
37.99
37.99
37.99
37.99
39.99
41.99
41.99
41.99
45.99
45.99
53.99
64.99
64.99
86.99
97.99
46.99
336.99
96.99
18.99
18.99
18.99
18.99
18.99
18.99
18.99
18.99
18.99
18.99
18.99
18.99
18.99
18.99
18.99
18.99
18.99
18.99
18.99
18.99
18.99
18.99
18.99
18.99
45.99
49.99
32.99
32.99
33.99
33.99
35.99
35.99
35.99
41.99
43.99
46.99
46.99
46.99
46.99
49.99
49.99
49.99
51.99
51.99
51.99
52.99
53.99
53.99
53.99
53.99
53.99
53.99
53.99
56.99
59.99
59.99
61.99
62.99
62.99
65.99
74.99
74.99
86.99
91.99
11.99
62.99
82.99
35.99
11.99
11.99
11.99
11.99
11.99
11.99
15.99
15.99
17.99
17.99
17.99
19.99
22.99
47.99
28.99
66.99
66.99
33.99
41.99
46.99
48.99
49.99
49.99
49.99
49.99
49.99
49.99
56.99
71.99
71.99
73.99
73.99
73.99
73.99
73.99
11.99
11.99
11.99
11.99
45.99
45.99
49.99
56.99
56.99
61.99
64.99
65.99
71.99
71.99
71.99
34.99
34.99
34.99
25.99
39.99
39.99
39.99
28.99
32.99
39.99
41.99
41.99
41.99
44.99
44.99
44.99
47.99
49.99
49.99
66.99
41.99
44.99
5.99
7.99
7.99
7.99
45.99
12.99
19.99
21.99
21.99
32.99
31.99
12.99
21.99
24.99
37.99
11.99
21.99
8.99
16.99
33.99
4.99
5.99
4.99
11.99
1.99
8.99
29.99
9.99
3.99
21.99
19.99
169.99
99.99
69.99
82.99
12.99
8.99
66.99
13.99
14.99
18.99
19.99
23.99
28.99
41.99
41.99
134.99
151.99
139.99
131.99
15.99
118.99
142.99
144.99
166.99
213.99
257.99
224.99
143.99
143.99
114.99
16.99
5.99
18.99
21.99
256.99
108.99
81.99
96.99
106.99
51.99
55.99
61.99
91.99
96.99
97.99
38.99
43.99
47.99
54.99
74.99
81.99
86.99
88.99
91.99
97.99
99.99
46.99
29.99
36.99
2.99
7.99
88.99
47.99
64.99
17.99
11.99
11.99
11.99
17.99
21.99
29.99
8.99
9.99
75.99
12.99
25.99
29.99
19.99
11.99
8.99
6.99
7.99
7.99
5.99
9.99
14.99
17.99
18.99
21.99
21.99
25.99
36.99
64.99
3.99
12.99
17.99
21.99
22.99
3.99
5.99
5.99
51.99
6.99
69.99
7.99
7.99
8.99
91.99
12.99
13.99
15.99
2.99
2.99
22.99
3.99
35.99
43.99
6.99
8.99
108.99
22.99
39.99
4.99
49.99
85.99
16.99
28.99
43.99
24.99
38.99
75.99
11.99
11.99
11.99
11.99
11.99
11.99
11.99
11.99
12.99
12.99
12.99
12.99
13.99
13.99
13.99
13.99
13.99
14.99
14.99
14.99
14.99
14.99
14.99
14.99
15.99
16.99
16.99
16.99
16.99
17.99
17.99
17.99
17.99
17.99
17.99
17.99
17.99
17.99
17.99
17.99
17.99
17.99
17.99
18.99
18.99
18.99
18.99
18.99
18.99
18.99
18.99
18.99
18.99
18.99
19.99
19.99
19.99
19.99
21.99
21.99
21.99
21.99
21.99
21.99
21.99
21.99
21.99
22.99
22.99
22.99
22.99
22.99
22.99
23.99
23.99
23.99
23.99
24.99
24.99
24.99
24.99
24.99
24.99
24.99
24.99
25.99
25.99
25.99
26.99
27.99
27.99
28.99
31.99
31.99
31.99
32.99
34.99
37.99
37.99
38.99
38.99
38.99
42.99
42.99
42.99
42.99
42.99
43.99
43.99
45.99
45.99
47.99
47.99
47.99
48.99
48.99
49.99
49.99
49.99
52.99
57.99
58.99
61.99
61.99
67.99
7.99
7.99
7.99
7.99
8.99
8.99
8.99
8.99
8.99
8.99
8.99
8.99
8.99
8.99
9.99
9.99
9.99
9.99
9.99
9.99
9.99
9.99
9.99
13.99
19.99
21.99
22.99
22.99
23.99
23.99
23.99
45.99
45.99
61.99
11.99
4.99
13.99
17.99
34.99
4.99
16.99
9.99
9.99
153.99
13.99
14.99
4.99
16.99
91.99
12.99
6.99
48.99
18.99
33.99
39.99
71.99
2.99
18.99
2.99
3.99
3.99
1.99
12.99
57.99
26.99
12.99
17.99
18.99
19.99
59.99
63.99
71.99
99.99
12.99
124.99
131.99
149.99
41.99
44.99
53.99
54.99
56.99
71.99
72.99
79.99
28.99
31.99
31.99
32.99
33.99
36.99
37.99
37.99
38.99
41.99
41.99
46.99
111.99
111.99
99.99
15.99
15.99
15.99
15.99
17.99
17.99
17.99
104.99
15.99
16.99
17.99
18.99
21.99
21.99
21.99
22.99
22.99
23.99
23.99
23.99
27.99
27.99
28.99
112.99
56.99
22.99
22.99
31.99
19.99
44.99
46.99
12.99
122.99
85.99
87.99
63.99
81.99
123.99
84.99
8.99
8.99
5.99
5.99
8.99
5.99
5.99
6.99
8.99
9.99
3.99
82.99
115.99
109.99
117.99
78.99
81.99
99.99
1.99
3.99
5.99
7.99
52.99
17.99
93.99
109.99
109.99
114.99
121.99
121.99
63.99
96.99
2.99
6.99
7.99
27.99
3.99
22.99
12.99
2.99
12.99
31.99
5.99
58.99
62.99
118.99
6.99
71.99
87.99
186.99
215.99
322.99
243.99
247.99
248.99
336.99
347.99
418.99
459.99
233.99
469.99
106.99
236.99
35.99
23.99
25.99
26.99
27.99
28.99
29.99
31.99
31.99
31.99
31.99
36.99
38.99
38.99
39.99
58.99
119.99
126.99
137.99
191.99
226.99
275.99
27.99
25.99
26.99
36.99
37.99
47.99
55.99
32.99
24.99
26.99
27.99
27.99
27.99
27.99
28.99
35.99
36.99
36.99
39.99
39.99
41.99
41.99
42.99
26.99
29.99
31.99
32.99
34.99
29.99
48.99
61.99
61.99
61.99
61.99
61.99
113.99
111.99
83.99
5.99
44.99
35.99
88.99
154.99
168.99
154.99
168.99
154.99
168.99
154.99
154.99
168.99
168.99
24.99
26.99
31.99
32.99
171.99
171.99
8.99
21.99
4.99
2.99
3.99
4.99
9.99
9.99
3.99
11.99
13.99
23.99
25.99
33.99
49.99
49.99
52.99
57.99
9.99
9.99
9.99
18.99
12.99
107.99
21.99
18.99
9.99
4.99
12.99
11.99
71.99
99.99
26.99
67.99
61.99
71.99
87.99
87.99
189.99
81.99
17.99
63.99
13.99
201.99
28.99
55.99
18.99
17.99
21.99
18.99
21.99
8.99
12.99
15.99
99.99
99.99
47.99
139.99
115.99
42.99
131.99
181.99
61.99
34.99
77.99
161.99
167.99
161.99
168.99
166.99
26.99
8.99
31.99
5.99
13.99
19.99
5.99
12.99
99.99
23.99
17.99
71.99
71.99
7.99
21.99
67.99
91.99
27.99
24.99
145.99
164.99
41.99
27.99
17.99
175.99
208.99
64.99
64.99
99.99
14.99
8.99
17.99
82.99
184.99
172.99
11.99
92.99
87.99
8.99
64.99
185.99
63.99
8.99
5.99
21.99
5.99
11.99
81.99
81.99
41.99
13.99
191.99
45.99
52.99
21.99
35.99
9.99
7.99
6.99
37.99
8.99
39.99
14.99
21.99
31.99
6.99
36.99
218.99
46.99
109.99
83.99
225.99
48.99
5.99
116.99
105.99
13.99
18.99
29.99
11.99
41.99
7.99
16.99
1.99
25.99
31.99
38.99
11.99
31.99
37.99
6.99
8.99
7.99
9.99
12.99
33.99
16.99
16.99
16.99
16.99
16.99
16.99
16.99
39.99
24.99
31.99
41.99
96.99
308.99
342.99
349.99
117.99
355.99
2.99
2.99
23.99
4.99
7.99
114.99
12.99
24.99
123.99
24.99
24.99
24.99
26.99
26.99
26.99
27.99
31.99
37.99
37.99
38.99
39.99
39.99
41.99
42.99
44.99
46.99
47.99
56.99
56.99
63.99
92.99
18.99
11.99
17.99
16.99
331.99
94.99
41.99
4.99
21.99
21.99
3.99
52.99
57.99
365.99
21.99
14.99
8.99
635.99
41.99
176.99
85.99
12.99
12.99
18.99
19.99
21.99
21.99
21.99
12.99
21.99
21.99
21.99
16.99
365.99
15.99
8.99
6.99
21.99
89.99
144.99
16.99
32.99
12.99
37.99
8.99
26.99
36.99
7.99
28.99
48.99
6.99
1.99
81.99
111.99
135.99
11.99
11.99
15.99
15.99
12.99
5.99
11.99
11.99
16.99
147.99
195.99
21.99
23.99
4.99
21.99
9.99
921.99
18.99
18.99
14.99
11.99
15.99
24.99
26.99
26.99
33.99
61.99
72.99
11.99
14.99
122.99
126.99
404.99
366.99
18.99
18.99
36.99
12.99
26.99
56.99
15.99
24.99
2.99
3.99
5.99
262.99
11.99
24.99
29.99
107.99
99.99
13.99
14.99
263.99
15.99
15.99
15.99
15.99
15.99
16.99
21.99
21.99
21.99
21.99
21.99
23.99
11.99
8.99
9.99
41.99
6.99
9.99
1007.99
1091.99
1192.99
1225.99
292.99
332.99
334.99
366.99
377.99
386.99
387.99
434.99
437.99
465.99
474.99
501.99
531.99
538.99
545.99
547.99
549.99
591.99
604.99
613.99
626.99
631.99
638.99
658.99
664.99
686.99
692.99
701.99
703.99
718.99
726.99
735.99
755.99
777.99
783.99
805.99
829.99
889.99
16.99
16.99
16.99
16.99
16.99
5.99
7.99
7.99
7.99
7.99
8.99
8.99
8.99
11.99
11.99
11.99
11.99
11.99
11.99
7.99
7.99
7.99
8.99
8.99
8.99
8.99
8.99
8.99
8.99
8.99
8.99
8.99
8.99
8.99
8.99
8.99
8.99
8.99
9.99
9.99
14.99
9.99
5.99
14.99
15.99
17.99
4.99
5.99
11.99
11.99
11.99
11.99
11.99
12.99
15.99
15.99
16.99
16.99
17.99
18.99
22.99
27.99
3.99
32.99
36.99
36.99
7.99
7.99
9.99
9.99
9.99
11.99
8.99
12.99
12.99
15.99
16.99
18.99
21.99
27.99
3.99
34.99
4.99
6.99
6.99
7.99
7.99
8.99
9.99
9.99
22.99
306.99
8.99
8.99
8.99
8.99
9.99
9.99
9.99
9.99
9.99
9.99
9.99
9.99
9.99
9.99
9.99
9.99
9.99
9.99
9.99
9.99
9.99
9.99
9.99
9.99
9.99
12.99
23.99
9.99
18.99
19.99
19.99
19.99
19.99
19.99
19.99
19.99
12.99
97.99
73.99
155.99
268.99
268.99
52.99
52.99
59.99
59.99
62.99
91.99
4.99
108.99
104.99
107.99
107.99
111.99
113.99
114.99
117.99
117.99
118.99
118.99
121.99
123.99
125.99
126.99
128.99
133.99
141.99
143.99
145.99
161.99
161.99
161.99
173.99
174.99
181.99
183.99
201.99
203.99
209.99
211.99
221.99
235.99
239.99
241.99
345.99
44.99
51.99
52.99
52.99
57.99
61.99
66.99
66.99
66.99
66.99
71.99
73.99
75.99
77.99
77.99
81.99
81.99
81.99
86.99
95.99
95.99
97.99
97.99
99.99
99.99
99.99
11.99
4.99
18.99
45.99
69.99
5.99
136.99
33.99
12.99
4.99
8.99
2.99
2.99
5.99
8.99
8.99
8.99
8.99
14.99
109.99
13.99
14.99
18.99
11.99
254.99
335.99
391.99
27.99
28.99
28.99
31.99
52.99
52.99
57.99
96.99
45.99
57.99
59.99
31.99
45.99
1.99
28.99
34.99
35.99
42.99
43.99
46.99
52.99
56.99
13.99
45.99
45.99
29.99
34.99
34.99
43.99
43.99
45.99
46.99
51.99
52.99
54.99
31.99
45.99
45.99
27.99
54.99
54.99
69.99
76.99
12.99
13.99
13.99
13.99
13.99
13.99
13.99
13.99
13.99
15.99
18.99
25.99
7.99
9.99
9.99
9.99
9.99
9.99
9.99
11.99
11.99
36.99
29.99
39.99
15.99
15.99
39.99
13.99
39.99
13.99
27.99
35.99
19.99
11.99
43.99
34.99
43.99
43.99
45.99
51.99
54.99
54.99
13.99
13.99
15.99
15.99
63.99
34.99
43.99
43.99
51.99
51.99
52.99
54.99
54.99
54.99
13.99
45.99
54.99
105.99
87.99
17.99
24.99
17.99
4.99
15.99
71.99
23.99
69.99
19.99
35.99
136.99
17.99
148.99
12.99
12.99
34.99
35.99
19.99
26.99
35.99
51.99
21.99
27.99
31.99
16.99
52.99
1.99
13.99
14.99
19.99
4.99
28.99
28.99
29.99
15.99
16.99
12.99
12.99
39.99
39.99
32.99
8.99
191.99
15.99
87.99
15.99
18.99
87.99
109.99
17.99
19.99
21.99
99.99
21.99
71.99
67.99
15.99
15.99
71.99
109.99
12.99
17.99
39.99
41.99
42.99
57.99
47.99
11.99
16.99
17.99
16.99
38.99
333.99
1.99
12.99
13.99
4.99
12.99
11.99
12.99
6.99
6.99
6.99
61.99
61.99
61.99
686.99
1.99
3.99
3.99
4.99
117.99
118.99
118.99
125.99
125.99
83.99
118.99
125.99
21.99
56.99
56.99
12.99
12.99
43.99
48.99
56.99
12.99
15.99
43.99
56.99
47.99
13.99
15.99
15.99
16.99
11.99
28.99
34.99
43.99
43.99
45.99
47.99
56.99
56.99
12.99
12.99
51.99
15.99
12.99
29.99
47.99
51.99
54.99
56.99
12.99
12.99
12.99
15.99
48.99
52.99
13.99
265.99
304.99
339.99
371.99
383.99
439.99
48.99
72.99
54.99
27.99
32.99
52.99
57.99
45.99
45.99
11.99
11.99
11.99
11.99
12.99
12.99
12.99
12.99
12.99
12.99
12.99
12.99
12.99
12.99
13.99
13.99
13.99
13.99
13.99
13.99
13.99
13.99
13.99
13.99
13.99
13.99
13.99
13.99
14.99
14.99
14.99
14.99
14.99
15.99
15.99
15.99
15.99
15.99
15.99
15.99
15.99
15.99
15.99
15.99
16.99
16.99
16.99
16.99
21.99
6.99
6.99
9.99
8.99
21.99
12.99
12.99
12.99
12.99
15.99
15.99
13.99
6.99
5.99
5.99
5.99
5.99
7.99
12.99
14.99
85.99
99.99
11.99
11.99
13.99
28.99
191.99
32.99
93.99
9.99
9.99
67.99
75.99
12.99
12.99
12.99
82.99
12.99
6.99
5.99
64.99
51.99
36.99
99.99
99.99
16.99
6.99
9.99
4.99
4.99
16.99
51.99
99.99
16.99
126.99
193.99
95.99
99.99
99.99
41.99
123.99
77.99
141.99
201.99
61.99
45.99
81.99
21.99
43.99
1.99
6.99
6.99
6.99
5.99
16.99
36.99
4.99
3.99
5.99
17.99
21.99
24.99
11.99
109.99
11.99
8.99
23.99
42.99
51.99
138.99
149.99
16.99
17.99
19.99
111.99
27.99
22.99
22.99
23.99
23.99
21.99
21.99
22.99
23.99
23.99
32.99
35.99
23.99
32.99
4.99
31.99
51.99
6.99
4.99
4.99
7.99
41.99
54.99
58.99
8.99
2.99
2.99
3.99
3.99
4.99
4.99
4.99
4.99
5.99
5.99
5.99
5.99
5.99
6.99
6.99
6.99
6.99
6.99
6.99
6.99
6.99
12.99
5.99
4.99
5.99
63.99
34.99
34.99
34.99
41.99
51.99
27.99
15.99
21.99
24.99
27.99
31.99
31.99
33.99
34.99
38.99
38.99
38.99
41.99
41.99
42.99
43.99
44.99
47.99
49.99
49.99
49.99
51.99
54.99
54.99
54.99
55.99
58.99
61.99
64.99
68.99
124.99
51.99
27.99
34.99
35.99
38.99
41.99
41.99
44.99
48.99
48.99
53.99
59.99
34.99
41.99
42.99
43.99
43.99
51.99
54.99
55.99
61.99
64.99
21.99
34.99
39.99
41.99
47.99
34.99
38.99
39.99
43.99
43.99
42.99
39.99
38.99
38.99
51.99
33.99
53.99
25.99
41.99
54.99
56.99
24.99
25.99
44.99
54.99
68.99
21.99
34.99
39.99
23.99
26.99
55.99
29.99
37.99
53.99
69.99
31.99
87.99
53.99
69.99
13.99
16.99
24.99
26.99
35.99
16.99
36.99
8.99
16.99
21.99
23.99
25.99
25.99
27.99
28.99
28.99
31.99
31.99
31.99
31.99
31.99
31.99
31.99
31.99
31.99
32.99
32.99
32.99
32.99
32.99
32.99
32.99
32.99
34.99
34.99
34.99
34.99
34.99
37.99
37.99
39.99
39.99
42.99
43.99
43.99
43.99
43.99
46.99
49.99
61.99
15.99
15.99
16.99
16.99
17.99
24.99
26.99
31.99
33.99
34.99
34.99
36.99
41.99
43.99
45.99
46.99
46.99
49.99
61.99
91.99
98.99
36.99
36.99
39.99
43.99
53.99
36.99
43.99
8.99
31.99
32.99
129.99
34.99
38.99
45.99
48.99
61.99
62.99
63.99
63.99
39.99
11.99
11.99
9.99
23.99
172.99
22.99
47.99
155.99
8.99
38.99
41.99
15.99
12.99
149.99
24.99
11.99
6.99
9.99
24.99
4.99
4.99
8.99
72.99
127.99
11.99
189.99
281.99
11.99
3.99
3.99
36.99
42.99
42.99
19.99
14.99
18.99
3.99
94.99
124.99
175.99
189.99
39.99
39.99
48.99
52.99
21.99
65.99
13.99
13.99
1.99
131.99
134.99
2.99
44.99
133.99
31.99
15.99
4.99
6.99
32.99
34.99
34.99
34.99
32.99
33.99
6.99
11.99
11.99
11.99
12.99
14.99
14.99
15.99
15.99
15.99
15.99
16.99
17.99
17.99
17.99
19.99
19.99
19.99
19.99
21.99
21.99
21.99
21.99
22.99
23.99
24.99
28.99
38.99
38.99
41.99
47.99
48.99
48.99
49.99
55.99
8.99
9.99
9.99
9.99
9.99
9.99
67.99
39.99
361.99
41.99
21.99
21.99
23.99
23.99
23.99
27.99
28.99
28.99
8.99
9.99
31.99
31.99
11.99
12.99
12.99
16.99
4.99
8.99
16.99
1.99
1.99
11.99
32.99
33.99
35.99
4.99
1.99
149.99
14.99
5.99
32.99
32.99
32.99
32.99
32.99
32.99
32.99
32.99
32.99
32.99
32.99
32.99
32.99
32.99
39.99
39.99
39.99
39.99
39.99
39.99
39.99
43.99
45.99
45.99
46.99
46.99
46.99
46.99
48.99
48.99
79.99
82.99
26.99
8.99
17.99
127.99
66.99
66.99
71.99
71.99
71.99
99.99
15.99
13.99
13.99
14.99
2.99
26.99
5.99
7.99
7.99
8.99
8.99
17.99
8.99
8.99
8.99
8.99
23.99
23.99
24.99
24.99
24.99
24.99
24.99
24.99
27.99
27.99
27.99
31.99
32.99
34.99
34.99
35.99
35.99
35.99
21.99
27.99
27.99
31.99
32.99
15.99
17.99
19.99
21.99
23.99
94.99
39.99
39.99
39.99
41.99
41.99
41.99
41.99
41.99
41.99
42.99
42.99
48.99
39.99
123.99
31.99
31.99
29.99
29.99
228.99
3.99
11.99
11.99
11.99
11.99
11.99
11.99
13.99
15.99
15.99
18.99
18.99
51.99
6.99
6.99
6.99
6.99
6.99
7.99
7.99
7.99
7.99
8.99
8.99
94.99
13.99
12.99
54.99
281.99
405.99
17.99
17.99
11.99
4.99
43.99
1048.99
135.99
145.99
147.99
176.99
186.99
188.99
195.99
241.99
283.99
314.99
34.99
23.99
618.99
81.99
129.99
82.99
31.99
241.99
241.99
51.99
16.99
13.99
13.99
13.99
19.99
2.99
3.99
6.99
6.99
6.99
6.99
7.99
9.99
27.99
27.99
6.99
9.99
15.99
15.99
21.99
28.99
28.99
28.99
28.99
31.99
31.99
21.99
21.99
28.99
31.99
21.99
21.99
21.99
21.99
21.99
21.99
21.99
21.99
21.99
28.99
21.99
21.99
21.99
15.99
15.99
15.99
25.99
25.99
2.99
5.99
57.99
11.99
12.99
2.99
2.99
4.99
18.99
26.99
26.99
12.99
165.99
15.99
15.99
15.99
1.99
3.99
9.99
11.99
11.99
11.99
11.99
13.99
13.99
13.99
14.99
14.99
14.99
15.99
15.99
18.99
19.99
8.99
8.99
8.99
9.99
9.99
9.99
41.99
26.99
4.99
18.99
22.99
28.99
58.99
65.99
67.99
55.99
55.99
27.99
209.99
209.99
32.99
77.99
91.99
21.99
9.99
12.99
18.99
18.99
81.99
17.99
17.99
27.99
36.99
36.99
12.99
12.99
17.99
17.99
17.99
11.99
12.99
12.99
13.99
2.99
831.99
11.99
13.99
14.99
19.99
21.99
34.99
36.99
8.99
11.99
14.99
14.99
21.99
28.99
33.99
49.99
8.99
8.99
6.99
6.99
12.99
18.99
28.99
16.99
19.99
36.99
11.99
12.99
7.99
63.99
31.99
32.99
52.99
11.99
8.99
5.99
9.99
17.99
17.99
9.99
104.99
51.99
64.99
99.99
22.99
11.99
11.99
11.99
13.99
13.99
14.99
24.99
24.99
27.99
3.99
4.99
8.99
8.99
8.99
14.99
11.99
16.99
39.99
52.99
63.99
24.99
27.99
28.99
29.99
29.99
29.99
29.99
31.99
106.99
161.99
5.99
2.99
29.99
11.99
12.99
14.99
18.99
18.99
21.99
25.99
4.99
4.99
4.99
5.99
5.99
5.99
5.99
6.99
6.99
6.99
6.99
6.99
6.99
6.99
6.99
6.99
6.99
7.99
83.99
9.99
7.99
192.99
18.99
116.99
15.99
21.99
16.99
4.99
22.99
8.99
11.99
11.99
13.99
13.99
2.99
2.99
2.99
2.99
2.99
2.99
2.99
2.99
2.99
2.99
22.99
3.99
3.99
4.99
9.99
9.99
17.99
28.99
28.99
11.99
12.99
13.99
13.99
13.99
16.99
17.99
17.99
17.99
18.99
18.99
21.99
24.99
25.99
25.99
25.99
25.99
8.99
8.99
8.99
21.99
26.99
18.99
8.99
8.99
8.99
2.99
2.99
3.99
3.99
3.99
13.99
14.99
17.99
13.99
31.99
72.99
91.99
185.99
189.99
223.99
31.99
2.99
21.99
49.99
31.99
16.99
27.99
11.99
7.99
6.99
21.99
14.99
14.99
24.99
32.99
52.99
52.99
52.99
52.99
73.99
51.99
51.99
11.99
21.99
51.99
51.99
6.99
7.99
9.99
38.99
11.99
6.99
11.99
11.99
11.99
6.99
11.99
14.99
21.99
21.99
6.99
156.99
14.99
9.99
11.99
11.99
12.99
24.99
54.99
9.99
9.99
9.99
9.99
9.99
9.99
8.99
51.99
52.99
13.99
14.99
5.99
6.99
7.99
7.99
7.99
7.99
35.99
11.99
11.99
6.99
61.99
12.99
35.99
61.99
61.99
28.99
28.99
28.99
28.99
35.99
77.99
13.99
55.99
33.99
74.99
1.99
11.99
11.99
41.99
31.99
15.99
93.99
27.99
17.99
18.99
19.99
24.99
24.99
27.99
33.99
698.99
128.99
132.99
139.99
158.99
21.99
21.99
21.99
21.99
23.99
26.99
26.99
26.99
26.99
26.99
29.99
31.99
31.99
32.99
32.99
32.99
35.99
35.99
35.99
36.99
36.99
45.99
48.99
6.99
6.99
6.99
63.99
69.99
69.99
15.99
15.99
15.99
15.99
15.99
15.99
15.99
15.99
15.99
78.99
6.99
6.99
6.99
7.99
7.99
7.99
7.99
7.99
7.99
7.99
7.99
7.99
7.99
7.99
7.99
117.99
124.99
126.99
137.99
21.99
34.99
34.99
35.99
41.99
43.99
44.99
48.99
52.99
67.99
71.99
71.99
81.99
38.99
11.99
131.99
153.99
153.99
162.99
181.99
204.99
199.99
231.99
215.99
224.99
263.99
317.99
313.99
329.99
343.99
325.99
302.99
322.99
346.99
346.99
351.99
398.99
401.99
395.99
378.99
385.99
401.99
399.99
405.99
415.99
412.99
414.99
427.99
431.99
443.99
472.99
471.99
494.99
499.99
434.99
449.99
498.99
441.99
499.99
524.99
496.99
511.99
511.99
551.99
531.99
441.99
601.99
604.99
604.99
547.99
586.99
515.99
582.99
653.99
659.99
786.99
112.99
176.99
54.99
55.99
81.99
106.99
179.99
56.99
56.99
82.99
105.99
55.99
56.99
71.99
59.99
71.99
176.99
55.99
56.99
81.99
96.99
11.99
11.99
11.99
11.99
19.99
23.99
17.99
8.99
29.99
31.99
32.99
33.99
33.99
34.99
36.99
36.99
39.99
42.99
42.99
25.99
27.99
27.99
29.99
31.99
31.99
39.99
41.99
42.99
44.99
91.99
6.99
21.99
27.99
39.99
41.99
6.99
35.99
39.99
27.99
32.99
39.99
43.99
46.99
53.99
19.99
27.99
37.99
37.99
39.99
8.99
229.99
99.99
504.99
807.99
171.99
193.99
218.99
1322.99
1782.99
17.99
14.99
15.99
15.99
23.99
23.99
26.99
441.99
441.99
473.99
546.99
47.99
105.99
39.99
54.99
88.99
21.99
24.99
54.99
8.99
8.99
16.99
16.99
18.99
793.99
828.99
836.99
9.99
451.99
461.99
21.99
5.99
5.99
11.99
31.99
35.99
14.99
26.99
31.99
32.99
41.99
51.99
61.99
61.99
99.99
74.99
48.99
65.99
32.99
52.99
65.99
281.99
313.99
97.99
42.99
42.99
183.99
94.99
45.99
22.99
7.99
21.99
23.99
51.99
57.99
14.99
25.99
53.99
57.99
9.99
9.99
9.99
12.99
52.99
65.99
76.99
108.99
111.99
111.99
111.99
112.99
116.99
117.99
118.99
118.99
126.99
127.99
127.99
128.99
131.99
133.99
134.99
136.99
138.99
141.99
142.99
143.99
143.99
145.99
151.99
151.99
157.99
159.99
159.99
161.99
163.99
167.99
169.99
176.99
179.99
181.99
185.99
186.99
189.99
194.99
195.99
195.99
197.99
21.99
202.99
209.99
212.99
216.99
216.99
216.99
219.99
219.99
225.99
226.99
227.99
231.99
231.99
232.99
234.99
239.99
241.99
244.99
246.99
25.99
251.99
251.99
255.99
258.99
272.99
275.99
275.99
276.99
28.99
28.99
28.99
283.99
285.99
298.99
306.99
307.99
308.99
31.99
31.99
31.99
316.99
318.99
325.99
325.99
325.99
326.99
331.99
334.99
339.99
356.99
364.99
38.99
38.99
38.99
38.99
41.99
41.99
42.99
42.99
432.99
436.99
45.99
45.99
45.99
459.99
46.99
46.99
495.99
497.99
51.99
51.99
506.99
54.99
55.99
551.99
555.99
58.99
605.99
62.99
65.99
65.99
678.99
68.99
682.99
71.99
73.99
73.99
77.99
8.99
8.99
81.99
83.99
85.99
85.99
85.99
85.99
86.99
86.99
88.99
88.99
901.99
93.99
94.99
95.99
99.99
11.99
11.99
11.99
8.99
1.99
19.99
4.99
6.99
6.99
6.99
11.99
11.99
11.99
27.99
11.99
6.99
12.99
16.99
21.99
21.99
6.99
6.99
8.99
11.99
11.99
11.99
11.99
11.99
11.99
22.99
37.99
41.99
411.99
129.99
132.99
136.99
147.99
16.99
17.99
21.99
24.99
27.99
29.99
33.99
44.99
48.99
63.99
68.99
69.99
82.99
89.99
99.99
4.99
6.99
449.99
461.99
21.99
104.99
104.99
104.99
107.99
111.99
111.99
112.99
113.99
114.99
115.99
119.99
121.99
121.99
124.99
124.99
127.99
128.99
131.99
133.99
133.99
133.99
134.99
139.99
141.99
141.99
143.99
151.99
152.99
153.99
154.99
154.99
167.99
168.99
17.99
171.99
174.99
176.99
176.99
178.99
18.99
182.99
184.99
186.99
19.99
19.99
191.99
191.99
193.99
195.99
196.99
197.99
21.99
21.99
21.99
21.99
232.99
24.99
241.99
241.99
245.99
246.99
25.99
259.99
26.99
26.99
269.99
27.99
27.99
28.99
29.99
35.99
36.99
39.99
39.99
41.99
45.99
48.99
58.99
58.99
63.99
66.99
72.99
72.99
72.99
75.99
79.99
91.99
91.99
91.99
93.99
96.99
97.99
98.99
98.99
98.99
99.99
99.99
15.99
21.99
22.99
23.99
24.99
26.99
28.99
16.99
21.99
9.99
46.99
46.99
46.99
13.99
11.99
11.99
11.99
11.99
11.99
11.99
12.99
14.99
15.99
16.99
17.99
19.99
21.99
22.99
22.99
24.99
24.99
24.99
24.99
26.99
26.99
31.99
32.99
37.99
37.99
37.99
4.99
4.99
6.99
6.99
71.99
8.99
8.99
9.99
9.99
9.99
99.99
21.99
208.99
242.99
11.99
47.99
31.99
51.99
75.99
65.99
126.99
185.99
192.99
228.99
251.99
266.99
301.99
315.99
58.99
58.99
21.99
585.99
12.99
28.99
21.99
41.99
52.99
56.99
13.99
7.99
7.99
124.99
174.99
181.99
184.99
215.99
271.99
288.99
311.99
311.99
327.99
33.99
354.99
354.99
375.99
405.99
407.99
408.99
42.99
432.99
44.99
461.99
467.99
467.99
473.99
498.99
504.99
518.99
529.99
529.99
55.99
56.99
56.99
56.99
56.99
561.99
563.99
58.99
58.99
58.99
58.99
581.99
616.99
62.99
648.99
65.99
65.99
66.99
67.99
67.99
68.99
68.99
68.99
711.99
73.99
747.99
96.99
99.99
99.99
611.99
687.99
895.99
245.99
1013.99
1051.99
1056.99
1066.99
1094.99
1095.99
1143.99
1188.99
1299.99
1318.99
1382.99
1391.99
1407.99
1438.99
1455.99
1455.99
1482.99
1536.99
1542.99
1714.99
178.99
1803.99
1959.99
198.99
198.99
207.99
211.99
219.99
219.99
219.99
227.99
229.99
235.99
236.99
253.99
253.99
265.99
2665.99
267.99
273.99
275.99
278.99
279.99
287.99
287.99
291.99
297.99
298.99
302.99
305.99
311.99
313.99
332.99
333.99
337.99
337.99
338.99
338.99
338.99
344.99
347.99
355.99
356.99
363.99
371.99
372.99
372.99
384.99
394.99
401.99
406.99
408.99
422.99
431.99
438.99
443.99
444.99
454.99
454.99
455.99
491.99
499.99
499.99
541.99
541.99
545.99
551.99
561.99
573.99
574.99
607.99
609.99
609.99
629.99
643.99
645.99
666.99
677.99
711.99
715.99
729.99
788.99
804.99
894.99
944.99
985.99
999.99
167.99
461.99
121.99
23.99
35.99
38.99
31.99
32.99
11.99
31.99
35.99
35.99
39.99
57.99
65.99
99.99
99.99
11.99
117.99
18.99
3.99
3.99
38.99
5.99
6.99
67.99
7.99
8.99
16.99
15.99
93.99
113.99
118.99
122.99
135.99
151.99
197.99
21.99
21.99
21.99
22.99
259.99
312.99
33.99
334.99
34.99
36.99
36.99
38.99
38.99
41.99
43.99
432.99
51.99
54.99
67.99
68.99
68.99
69.99
76.99
79.99
81.99
92.99
93.99
94.99
99.99
99.99
187.99
24.99
41.99
55.99
61.99
68.99
7.99
8.99
7.99
21.99
24.99
42.99
44.99
51.99
54.99
11.99
18.99
18.99
21.99
44.99
7.99
7.99
111.99
21.99
22.99
24.99
28.99
37.99
54.99
11.99
116.99
19.99
22.99
25.99
28.99
32.99
34.99
36.99
41.99
42.99
42.99
51.99
51.99
51.99
53.99
54.99
56.99
56.99
59.99
62.99
62.99
67.99
67.99
73.99
73.99
74.99
75.99
84.99
85.99
16.99
3.99
36.99
104.99
105.99
106.99
106.99
11.99
11.99
11.99
11.99
11.99
116.99
121.99
121.99
133.99
141.99
15.99
15.99
15.99
15.99
15.99
16.99
16.99
16.99
16.99
176.99
22.99
22.99
25.99
25.99
28.99
28.99
31.99
31.99
31.99
32.99
33.99
33.99
33.99
34.99
35.99
35.99
35.99
37.99
38.99
39.99
41.99
41.99
42.99
42.99
42.99
42.99
43.99
43.99
43.99
43.99
44.99
44.99
45.99
46.99
47.99
47.99
47.99
48.99
48.99
48.99
48.99
48.99
48.99
48.99
48.99
48.99
51.99
52.99
52.99
52.99
53.99
53.99
54.99
56.99
56.99
56.99
57.99
58.99
58.99
58.99
58.99
59.99
59.99
61.99
61.99
61.99
61.99
62.99
63.99
64.99
64.99
64.99
64.99
64.99
64.99
64.99
65.99
65.99
65.99
65.99
67.99
67.99
68.99
69.99
69.99
71.99
71.99
71.99
72.99
73.99
73.99
74.99
74.99
74.99
74.99
74.99
74.99
75.99
76.99
76.99
76.99
76.99
77.99
77.99
77.99
79.99
81.99
81.99
81.99
81.99
81.99
81.99
81.99
81.99
81.99
81.99
82.99
85.99
85.99
85.99
86.99
95.99
9.99
91.99
93.99
96.99
96.99
96.99
96.99
96.99
96.99
96.99
97.99
97.99
99.99
46.99
47.99
11.99
11.99
12.99
12.99
12.99
13.99
13.99
13.99
14.99
14.99
14.99
15.99
15.99
15.99
16.99
16.99
16.99
16.99
16.99
17.99
17.99
17.99
17.99
18.99
19.99
19.99
21.99
21.99
21.99
21.99
21.99
21.99
22.99
26.99
38.99
41.99
42.99
58.99
72.99
47.99
4.99
23.99
13.99
14.99
15.99
216.99
29.99
37.99
38.99
38.99
68.99
79.99
99.99
3.99
22.99
19.99
45.99
62.99
11.99
15.99
15.99
21.99
54.99
56.99
64.99
64.99
71.99
11.99
298.99
12.99
22.99
23.99
35.99
4.99
42.99
7.99
7.99
7.99
21.99
46.99
71.99
15.99
17.99
1.99
6.99
16.99
248.99
251.99
159.99
219.99
99.99
42.99
12.99
48.99
99.99
16.99
18.99
142.99
192.99
169.99
13.99
14.99
12.99
12.99
27.99
19.99
21.99
131.99
163.99
183.99
201.99
235.99
42.99
21.99
5.99
5.99
5.99
5.99
6.99
6.99
6.99
15.99
29.99
31.99
29.99
35.99
13.99
15.99
19.99
19.99
21.99
9.99
9.99
61.99
65.99
72.99
18.99
81.99
47.99
39.99
204.99
231.99
112.99
189.99
155.99
286.99
371.99
96.99
96.99
33.99
12.99
18.99
32.99
32.99
32.99
32.99
32.99
8.99
8.99
8.99
8.99
23.99
24.99
31.99
31.99
32.99
32.99
33.99
34.99
34.99
37.99
38.99
38.99
38.99
17.99
17.99
17.99
17.99
17.99
17.99
17.99
23.99
73.99
12.99
32.99
8.99
16.99
22.99
35.99
36.99
28.99
31.99
36.99
37.99
15.99
15.99
16.99
16.99
16.99
16.99
16.99
16.99
16.99
16.99
18.99
18.99
18.99
18.99
18.99
19.99
19.99
19.99
19.99
19.99
19.99
19.99
19.99
19.99
19.99
19.99
19.99
19.99
21.99
21.99
21.99
21.99
21.99
21.99
21.99
21.99
21.99
21.99
21.99
21.99
21.99
21.99
21.99
21.99
21.99
22.99
22.99
22.99
22.99
22.99
23.99
23.99
23.99
23.99
23.99
23.99
23.99
23.99
24.99
24.99
26.99
26.99
26.99
26.99
26.99
26.99
26.99
26.99
26.99
27.99
28.99
28.99
28.99
28.99
28.99
28.99
28.99
28.99
28.99
29.99
29.99
29.99
29.99
29.99
29.99
31.99
31.99
31.99
31.99
31.99
31.99
31.99
32.99
33.99
34.99
34.99
34.99
34.99
36.99
36.99
36.99
36.99
36.99
37.99
37.99
37.99
38.99
38.99
38.99
38.99
38.99
41.99
41.99
41.99
41.99
41.99
41.99
41.99
41.99
41.99
41.99
41.99
42.99
43.99
43.99
44.99
44.99
45.99
46.99
47.99
47.99
48.99
49.99
49.99
51.99
52.99
53.99
54.99
54.99
54.99
54.99
54.99
56.99
56.99
57.99
58.99
59.99
59.99
61.99
62.99
65.99
72.99
72.99
81.99
81.99
83.99
83.99
9.99
41.99
52.99
52.99
21.99
19.99
22.99
28.99
31.99
19.99
23.99
51.99
18.99
16.99
16.99
21.99
29.99
43.99
52.99
36.99
26.99
8.99
4.99
12.99
12.99
12.99
12.99
12.99
12.99
12.99
12.99
12.99
14.99
14.99
14.99
68.99
19.99
126.99
126.99
126.99
126.99
189.99
38.99
41.99
42.99
42.99
72.99
28.99
17.99
65.99
54.99
6.99
6.99
6.99
6.99
6.99
7.99
7.99
8.99
25.99
13.99
25.99
11.99
12.99
12.99
12.99
12.99
13.99
13.99
13.99
13.99
14.99
14.99
15.99
15.99
16.99
18.99
18.99
21.99
21.99
25.99
26.99
31.99
34.99
34.99
34.99
34.99
35.99
9.99
9.99
9.99
15.99
34.99
9.99
14.99
21.99
13.99
21.99
31.99
22.99
31.99
32.99
78.99
81.99
15.99
17.99
18.99
18.99
18.99
18.99
18.99
21.99
23.99
23.99
25.99
26.99
26.99
28.99
28.99
29.99
39.99
41.99
41.99
43.99
44.99
44.99
44.99
45.99
45.99
52.99
52.99
52.99
52.99
81.99
85.99
45.99
83.99
1.99
1.99
31.99
17.99
19.99
19.99
21.99
21.99
22.99
23.99
23.99
24.99
26.99
29.99
39.99
39.99
41.99
47.99
51.99
6.99
8.99
39.99
25.99
23.99
32.99
5.99
15.99
13.99
61.99
63.99
61.99
86.99
27.99
32.99
27.99
61.99
56.99
21.99
21.99
35.99
36.99
14.99
34.99
45.99
21.99
26.99
33.99
35.99
35.99
38.99
49.99
85.99
53.99
22.99
29.99
36.99
43.99
9.99
21.99
13.99
54.99
41.99
43.99
19.99
3.99
236.99
5.99
18.99
59.99
32.99
9.99
11.99
19.99
36.99
68.99
48.99
116.99
41.99
221.99
223.99
253.99
303.99
306.99
37.99
38.99
387.99
399.99
579.99
463.99
669.99
21.99
57.99
87.99
238.99
246.99
352.99
443.99
524.99
679.99
719.99
631.99
26.99
41.99
21.99
51.99
7.99
12.99
13.99
24.99
26.99
29.99
31.99
34.99
46.99
8.99
88.99
12.99
7.99
29.99
509.99
686.99
936.99
53.99
454.99
696.99
105.99
31.99
61.99
64.99
67.99
67.99
67.99
89.99
84.99
84.99
146.99
18.99
31.99
36.99
43.99
51.99
51.99
53.99
53.99
53.99
54.99
54.99
54.99
56.99
56.99
56.99
56.99
56.99
61.99
61.99
64.99
64.99
77.99
81.99
84.99
92.99
145.99
173.99
224.99
5.99
7.99
89.99
77.99
83.99
6.99
6.99
6.99
8.99
8.99
8.99
8.99
8.99
67.99
81.99
15.99
15.99
26.99
35.99
36.99
4.99
4.99
49.99
6.99
8.99
9.99
11.99
21.99
24.99
24.99
25.99
51.99
55.99
56.99
56.99
1.99
2.99
24.99
4.99
46.99
5.99
6.99
7.99
88.99
99.99
7.99
5.99
15.99
11.99
12.99
9.99
3.99
12.99
14.99
14.99
18.99
24.99
28.99
12.99
14.99
18.99
12.99
4.99
13.99
13.99
6.99
4.99
2.99
89.99
2.99
16.99
16.99
34.99
19.99
15.99
17.99
19.99
19.99
21.99
21.99
22.99
22.99
23.99
23.99
23.99
24.99
24.99
24.99
24.99
25.99
25.99
25.99
25.99
25.99
25.99
25.99
25.99
25.99
26.99
26.99
26.99
26.99
26.99
26.99
26.99
26.99
26.99
26.99
27.99
27.99
27.99
27.99
28.99
28.99
28.99
28.99
28.99
28.99
28.99
29.99
29.99
29.99
29.99
29.99
29.99
31.99
31.99
31.99
31.99
31.99
31.99
31.99
31.99
31.99
31.99
32.99
32.99
32.99
32.99
32.99
33.99
33.99
33.99
33.99
33.99
33.99
33.99
34.99
34.99
34.99
34.99
35.99
35.99
35.99
35.99
36.99
36.99
36.99
36.99
36.99
37.99
37.99
37.99
37.99
38.99
38.99
38.99
39.99
39.99
41.99
41.99
42.99
42.99
44.99
44.99
47.99
48.99
49.99
51.99
52.99
57.99
58.99
61.99
69.99
82.99
16.99
18.99
18.99
21.99
6.99
6.99
6.99
6.99
104.99
17.99
1.99
5.99
16.99
16.99
16.99
13.99
11.99
11.99
11.99
11.99
11.99
11.99
11.99
13.99
13.99
13.99
21.99
27.99
4.99
47.99
2.99
2.99
21.99
21.99
21.99
55.99
15.99
21.99
1.99
1.99
1.99
1.99
26.99
48.99
48.99
48.99
48.99
48.99
48.99
51.99
52.99
52.99
53.99
54.99
55.99
55.99
55.99
55.99
55.99
55.99
55.99
57.99
58.99
61.99
65.99
71.99
73.99
77.99
77.99
83.99
1.99
52.99
1.99
1.99
18.99
22.99
23.99
36.99
46.99
48.99
48.99
49.99
59.99
62.99
9.99
12.99
11.99
104.99
118.99
191.99
191.99
21.99
21.99
22.99
26.99
26.99
27.99
288.99
29.99
29.99
32.99
32.99
33.99
33.99
33.99
35.99
36.99
36.99
38.99
39.99
42.99
51.99
54.99
56.99
58.99
86.99
91.99
91.99
49.99
84.99
11.99
13.99
14.99
108.99
127.99
127.99
45.99
2.99
6.99
8.99
2.99
2.99
2.99
2.99
2.99
2.99
2.99
2.99
2.99
2.99
2.99
3.99
3.99
3.99
3.99
3.99
4.99
4.99
5.99
8.99
8.99
8.99
8.99
8.99
8.99
8.99
8.99
3.99
4.99
4.99
5.99
5.99
5.99
6.99
7.99
7.99
125.99
23.99
1.99
723.99
723.99
723.99
723.99
723.99
723.99
723.99
723.99
99.99
99.99
21.99
26.99
31.99
36.99
54.99
81.99
118.99
47.99
47.99
47.99
47.99
48.99
48.99
48.99
31.99
3.99
21.99
2.99
3.99
25.99
26.99
27.99
27.99
11.99
25.99
32.99
39.99
39.99
2.99
15.99
12.99
61.99
61.99
61.99
7.99
8.99
15.99
11.99
1.99
1.99
1.99
23.99
84.99
14.99
5.99
38.99
3.99
3.99
8.99
4.99
11.99
32.99
9.99
12.99
13.99
9.99
31.99
38.99
43.99
25.99
26.99
2.99
9.99
12.99
19.99
23.99
11.99
11.99
7.99
1.99
3.99
99.99
12.99
33.99
11.99
19.99
148.99
182.99
122.99
129.99
129.99
13.99
133.99
134.99
14.99
17.99
19.99
215.99
24.99
26.99
263.99
34.99
39.99
39.99
45.99
46.99
48.99
52.99
55.99
66.99
66.99
68.99
68.99
83.99
83.99
84.99
85.99
94.99
99.99
99.99
99.99
17.99
147.99
151.99
53.99
23.99
29.99
31.99
32.99
33.99
33.99
6.99
6.99
6.99
7.99
8.99
88.99
12.99
22.99
25.99
56.99
59.99
5.99
178.99
198.99
11.99
46.99
7.99
11.99
11.99
28.99
37.99
11.99
11.99
11.99
15.99
24.99
32.99
37.99
54.99
58.99
62.99
64.99
65.99
71.99
71.99
71.99
17.99
11.99
11.99
11.99
11.99
11.99
11.99
11.99
11.99
11.99
11.99
11.99
11.99
9.99
5.99
12.99
12.99
12.99
22.99
23.99
24.99
24.99
32.99
33.99
36.99
105.99
124.99
132.99
132.99
132.99
159.99
161.99
168.99
178.99
183.99
184.99
184.99
231.99
235.99
245.99
285.99
42.99
71.99
73.99
77.99
94.99
96.99
106.99
116.99
18.99
23.99
31.99
34.99
37.99
43.99
57.99
58.99
63.99
22.99
42.99
4.99
7.99
4.99
8.99
4.99
6.99
19.99
21.99
31.99
165.99
98.99
3.99
5.99
4.99
6.99
4.99
6.99
7.99
7.99
6.99
171.99
143.99
4.99
82.99
7.99
8.99
141.99
66.99
34.99
6.99
56.99
6.99
21.99
14.99
37.99
28.99
42.99
134.99
196.99
68.99
123.99
74.99
15.99
18.99
6.99
8.99
8.99
8.99
9.99
11.99
11.99
11.99
12.99
15.99
15.99
16.99
21.99
21.99
23.99
24.99
24.99
24.99
24.99
8.99
83.99
21.99
59.99
76.99
127.99
99.99
11.99
9.99
16.99
28.99
42.99
471.99
535.99
25.99
5.99
111.99
132.99
19.99
19.99
27.99
33.99
79.99
17.99
17.99
18.99
163.99
9.99
5.99
7.99
7.99
41.99
82.99
29.99
27.99
18.99
21.99
1.99
4.99
8.99
4.99
39.99
39.99
17.99
15.99
15.99
15.99
15.99
15.99
16.99
16.99
17.99
18.99
19.99
23.99
24.99
28.99
28.99
29.99
29.99
29.99
31.99
31.99
45.99
48.99
6.99
6.99
6.99
7.99
7.99
7.99
7.99
7.99
7.99
7.99
7.99
9.99
9.99
11.99
11.99
27.99
39.99
41.99
1.99
5.99
7.99
111.99
96.99
99.99
14.99
15.99
7.99
8.99
4.99
7.99
15.99
4.99
4.99
9.99
11.99
12.99
7.99
9.99
17.99
17.99
19.99
28.99
11.99
11.99
16.99
19.99
12.99
15.99
16.99
21.99
21.99
29.99
11.99
27.99
11.99
1.99
119.99
4.99
52.99
54.99
58.99
28.99
426.99
16.99
17.99
18.99
19.99
21.99
9.99
12.99
15.99
15.99
15.99
16.99
17.99
18.99
19.99
19.99
21.99
21.99
23.99
32.99
5.99
5.99
5.99
5.99
5.99
5.99
5.99
5.99
5.99
5.99
5.99
7.99
7.99
7.99
7.99
7.99
7.99
8.99
8.99
8.99
9.99
9.99
11.99
11.99
12.99
3.99
3.99
3.99
3.99
3.99
3.99
3.99
3.99
3.99
3.99
3.99
3.99
3.99
3.99
3.99
3.99
3.99
3.99
3.99
3.99
3.99
3.99
3.99
4.99
4.99
4.99
4.99
4.99
4.99
5.99
5.99
5.99
5.99
6.99
7.99
6.99
6.99
6.99
6.99
52.99
24.99
1.99
86.99
93.99
3.99
4.99
4.99
5.99
5.99
5.99
5.99
5.99
5.99
5.99
5.99
5.99
5.99
5.99
5.99
5.99
5.99
6.99
6.99
6.99
6.99
6.99
7.99
7.99
7.99
7.99
7.99
8.99
8.99
8.99
12.99
6.99
6.99
6.99
6.99
6.99
6.99
7.99
7.99
7.99
7.99
8.99
5.99
5.99
5.99
5.99
5.99
5.99
6.99
6.99
6.99
6.99
39.99
39.99
41.99
41.99
41.99
41.99
41.99
41.99
42.99
39.99
1.99
1.99
15.99
15.99
35.99
12.99
15.99
16.99
19.99
5.99
7.99
9.99
11.99
1.99
88.99
34.99
34.99
34.99
34.99
34.99
34.99
49.99
56.99
56.99
11.99
11.99
2.99
2.99
2.99
2.99
2.99
2.99
2.99
2.99
3.99
3.99
3.99
3.99
3.99
3.99
3.99
4.99
4.99
4.99
4.99
5.99
7.99
43.99
6.99
77.99
29.99
16.99
12.99
21.99
11.99
11.99
11.99
11.99
11.99
11.99
11.99
12.99
12.99
12.99
12.99
13.99
14.99
14.99
14.99
14.99
14.99
15.99
15.99
15.99
16.99
16.99
17.99
17.99
18.99
21.99
22.99
22.99
23.99
24.99
25.99
25.99
26.99
3.99
3.99
31.99
31.99
31.99
31.99
32.99
33.99
33.99
33.99
35.99
38.99
4.99
4.99
4.99
42.99
44.99
47.99
48.99
5.99
5.99
6.99
6.99
71.99
8.99
8.99
8.99
8.99
89.99
9.99
9.99
9.99
9.99
92.99
73.99
15.99
43.99
65.99
91.99
5.99
7.99
8.99
8.99
11.99
5.99
95.99
85.99
54.99
56.99
84.99
24.99
49.99
23.99
262.99
31.99
31.99
34.99
41.99
3.99
4.99
23.99
9.99
4.99
6.99
6.99
38.99
55.99
99.99
5.99
46.99
51.99
55.99
69.99
32.99
59.99
61.99
64.99
1.99
1.99
1.99
23.99
31.99
36.99
41.99
26.99
191.99
193.99
48.99
48.99
48.99
51.99
51.99
51.99
95.99
51.99
81.99
4.99
4.99
4.99
4.99
4.99
45.99
5.99
6.99
99.99
8.99
22.99
25.99
32.99
63.99
61.99
37.99
75.99
75.99
26.99
18.99
26.99
33.99
24.99
24.99
24.99
24.99
89.99
109.99
222.99
21.99
22.99
24.99
182.99
276.99
22.99
109.99
121.99
4.99
81.99
7.99
29.99
21.99
26.99
29.99
11.99
11.99
111.99
111.99
111.99
112.99
12.99
12.99
121.99
121.99
121.99
122.99
123.99
126.99
128.99
13.99
152.99
152.99
161.99
173.99
174.99
186.99
186.99
192.99
221.99
23.99
23.99
233.99
237.99
25.99
26.99
27.99
27.99
27.99
27.99
27.99
285.99
298.99
31.99
31.99
312.99
313.99
32.99
34.99
34.99
34.99
38.99
39.99
39.99
39.99
402.99
41.99
41.99
42.99
42.99
43.99
43.99
45.99
46.99
51.99
53.99
55.99
55.99
55.99
56.99
56.99
56.99
58.99
58.99
63.99
64.99
65.99
65.99
68.99
71.99
72.99
81.99
81.99
81.99
81.99
81.99
82.99
82.99
82.99
82.99
84.99
84.99
84.99
93.99
99.99
99.99
99.99
99.99
2.99
3.99
3.99
3.99
3.99
3.99
3.99
3.99
3.99
3.99
3.99
3.99
3.99
3.99
4.99
4.99
4.99
4.99
4.99
4.99
4.99
4.99
4.99
5.99
6.99
1.99
207.99
25.99
1.99
1.99
1.99
1.99
1.99
1.99
1.99
1.99
1.99
1.99
1.99
2.99
2.99
2.99
2.99
2.99
2.99
2.99
2.99
2.99
2.99
2.99
2.99
2.99
2.99
2.99
2.99
2.99
2.99
3.99
3.99
3.99
3.99
3.99
3.99
3.99
3.99
4.99
4.99
4.99
4.99
4.99
4.99
4.99
4.99
4.99
4.99
5.99
7.99
133.99
133.99
133.99
133.99
133.99
133.99
133.99
133.99
1.99
15.99
11.99
3.99
4.99
4.99
4.99
4.99
5.99
5.99
5.99
6.99
6.99
6.99
7.99
7.99
7.99
8.99
29.99
6.99
15.99
21.99
5.99
5.99
8.99
27.99
15.99
6.99
148.99
11.99
13.99
2.99
2.99
9.99
19.99
19.99
19.99
21.99
21.99
21.99
22.99
24.99
141.99
141.99
98.99
98.99
61.99
24.99
11.99
11.99
11.99
11.99
12.99
13.99
14.99
14.99
16.99
17.99
9.99
9.99
9.99
9.99
9.99
11.99
13.99
13.99
13.99
13.99
14.99
9.99
9.99
197.99
203.99
11.99
22.99
22.99
22.99
22.99
22.99
22.99
22.99
22.99
22.99
33.99
8.99
8.99
15.99
28.99
8.99
11.99
11.99
3.99
4.99
7.99
1035.99
116.99
162.99
227.99
17.99
51.99
15.99
15.99
15.99
25.99
8.99
9.99
5.99
52.99
53.99
218.99
11.99
14.99
16.99
19.99
19.99
23.99
24.99
29.99
42.99
26.99
12.99
12.99
37.99
29.99
55.99
55.99
58.99
65.99
209.99
209.99
8.99
28.99
28.99
11.99
8.99
12.99
13.99
13.99
9.99
12.99
2.99
2.99
3.99
4.99
8.99
34.99
34.99
18.99
21.99
16.99
21.99
25.99
25.99
31.99
31.99
32.99
32.99
33.99
33.99
34.99
34.99
34.99
51.99
51.99
5.99
7.99
12.99
25.99
59.99
31.99
31.99
31.99
31.99
76.99
56.99
56.99
91.99
41.99
21.99
57.99
9.99
3.99
8.99
67.99
7.99
326.99
9.99
9.99
23.99
29.99
21.99
8.99
1.99
23.99
16.99
37.99
11.99
3.99
12.99
14.99
52.99
208.99
41.99
52.99
23.99
7.99
11.99
12.99
18.99
6.99
7.99
8.99
9.99
9.99
93.99
9.99
5.99
8.99
7.99
12.99
21.99
28.99
15.99
6.99
12.99
47.99
9.99
114.99
4.99
37.99
42.99
34.99
55.99
24.99
34.99
47.99
7.99
67.99
71.99
254.99
34.99
47.99
47.99
67.99
36.99
91.99
93.99
5.99
37.99
2.99
21.99
23.99
26.99
26.99
31.99
37.99
41.99
41.99
58.99
95.99
288.99
114.99
114.99
1177.99
371.99
416.99
441.99
441.99
441.99
574.99
671.99
679.99
718.99
787.99
811.99
816.99
16.99
27.99
3.99
51.99
12.99
21.99
45.99
31.99
5.99
6.99
9.99
41.99
47.99
16.99
9.99
9.99
9.99
9.99
16.99
36.99
14.99
6.99
6.99
45.99
28.99
111.99
174.99
91.99
88.99
64.99
4.99
7.99
57.99
174.99
33.99
41.99
51.99
54.99
68.99
69.99
76.99
91.99
93.99
38.99
39.99
42.99
44.99
48.99
51.99
51.99
54.99
54.99
56.99
88.99
9.99
23.99
8.99
59.99
207.99
59.99
72.99
7.99
12.99
12.99
15.99
125.99
52.99
82.99
25.99
39.99
39.99
58.99
62.99
75.99
12.99
15.99
18.99
5.99
5.99
31.99
16.99
143.99
29.99
32.99
29.99
32.99
79.99
49.99
51.99
12.99
16.99
11.99
9.99
17.99
8.99
9.99
73.99
73.99
47.99
47.99
37.99
12.99
26.99
24.99
105.99
16.99
27.99
15.99
9.99
51.99
71.99
74.99
81.99
36.99
21.99
31.99
16.99
25.99
38.99
32.99
34.99
34.99
34.99
35.99
35.99
35.99
31.99
31.99
33.99
34.99
37.99
37.99
37.99
38.99
38.99
38.99
38.99
38.99
38.99
38.99
38.99
39.99
465.99
71.99
36.99
12.99
34.99
35.99
161.99
67.99
41.99
32.99
34.99
34.99
34.99
34.99
34.99
34.99
34.99
35.99
35.99
35.99
35.99
35.99
35.99
35.99
35.99
35.99
35.99
36.99
36.99
36.99
36.99
36.99
36.99
38.99
38.99
38.99
38.99
38.99
39.99
39.99
39.99
39.99
39.99
39.99
41.99
41.99
41.99
41.99
42.99
34.99
14.99
24.99
9.99
9.99
12.99
15.99
16.99
18.99
7.99
27.99
209.99
268.99
5.99
126.99
8.99
22.99
22.99
22.99
45.99
156.99
16.99
18.99
34.99
14.99
14.99
11.99
11.99
11.99
223.99
45.99
8.99
8.99
11.99
12.99
34.99
27.99
16.99
99.99
1.99
23.99
25.99
3.99
27.99
6.99
21.99
21.99
23.99
24.99
27.99
28.99
29.99
31.99
31.99
34.99
18.99
22.99
25.99
3.99
8.99
1.99
3.99
5.99
6.99
6.99
9.99
11.99
4.99
5.99
9.99
11.99
11.99
2.99
6.99
6.99
6.99
13.99
5.99
16.99
32.99
7.99
44.99
11.99
23.99
5.99
8.99
8.99
9.99
11.99
31.99
9.99
5.99
11.99
23.99
19.99
11.99
9.99
108.99
111.99
32.99
14.99
58.99
31.99
41.99
22.99
25.99
25.99
33.99
54.99
15.99
11.99
43.99
44.99
46.99
67.99
141.99
171.99
178.99
183.99
71.99
84.99
86.99
38.99
45.99
31.99
9.99
96.99
93.99
5.99
56.99
66.99
158.99
175.99
29.99
11.99
12.99
12.99
14.99
4.99
28.99
2.99
2.99
3.99
3.99
4.99
4.99
32.99
37.99
3.99
3.99
9.99
43.99
21.99
64.99
22.99
68.99
45.99
17.99
56.99
45.99
17.99
56.99
45.99
17.99
56.99
45.99
17.99
45.99
17.99
57.99
53.99
48.99
21.99
58.99
45.99
17.99
56.99
46.99
18.99
77.99
28.99
64.99
79.99
74.99
29.99
45.99
17.99
56.99
63.99
25.99
68.99
48.99
18.99
58.99
24.99
88.99
71.99
45.99
17.99
56.99
117.99
44.99
71.99
45.99
17.99
56.99
45.99
17.99
56.99
48.99
18.99
58.99
92.99
29.99
71.99
88.99
27.99
68.99
61.99
56.99
47.99
17.99
56.99
45.99
45.99
17.99
17.99
56.99
53.99
21.99
68.99
56.99
56.99
21.99
64.99
18.99
64.99
57.99
56.99
92.99
32.99
68.99
45.99
56.99
45.99
17.99
56.99
89.99
26.99
79.99
32.99
71.99
84.99
32.99
68.99
48.99
18.99
58.99
89.99
25.99
68.99
89.99
28.99
71.99
45.99
17.99
56.99
117.99
44.99
65.99
23.99
56.99
45.99
17.99
56.99
71.99
23.99
68.99
66.99
22.99
68.99
131.99
44.99
68.99
99.99
36.99
68.99
45.99
49.99
19.99
58.99
68.99
21.99
45.99
17.99
56.99
45.99
17.99
56.99
48.99
64.99
45.99
17.99
56.99
11.99
11.99
172.99
16.99
9.99
16.99
107.99
108.99
121.99
16.99
21.99
21.99
21.99
22.99
23.99
24.99
24.99
25.99
25.99
26.99
27.99
28.99
29.99
31.99
32.99
32.99
32.99
33.99
36.99
37.99
41.99
43.99
43.99
46.99
47.99
47.99
47.99
48.99
65.99
68.99
69.99
69.99
69.99
71.99
75.99
83.99
91.99
107.99
109.99
112.99
119.99
121.99
121.99
122.99
123.99
123.99
125.99
125.99
126.99
127.99
135.99
139.99
141.99
141.99
149.99
149.99
149.99
151.99
163.99
173.99
185.99
198.99
208.99
31.99
32.99
34.99
34.99
35.99
37.99
41.99
41.99
43.99
45.99
48.99
49.99
67.99
111.99
111.99
112.99
136.99
136.99
141.99
141.99
144.99
144.99
155.99
161.99
161.99
161.99
164.99
174.99
174.99
191.99
23.99
41.99
1014.99
1138.99
229.99
292.99
302.99
302.99
302.99
303.99
303.99
306.99
319.99
334.99
336.99
342.99
344.99
348.99
368.99
368.99
374.99
381.99
381.99
382.99
386.99
387.99
387.99
406.99
418.99
428.99
435.99
439.99
439.99
455.99
456.99
459.99
483.99
494.99
497.99
601.99
622.99
653.99
698.99
699.99
702.99
711.99
727.99
737.99
749.99
891.99
933.99
967.99
1131.99
1133.99
175.99
178.99
179.99
215.99
221.99
221.99
228.99
236.99
241.99
241.99
256.99
259.99
271.99
336.99
338.99
412.99
429.99
615.99
696.99
751.99
753.99
787.99
831.99
903.99
908.99
281.99
116.99
91.99
99.99
129.99
221.99
223.99
12.99
17.99
21.99
22.99
6.99
6.99
8.99
8.99
8.99
12.99
13.99
32.99
32.99
197.99
104.99
196.99
199.99
22.99
48.99
49.99
99.99
41.99
51.99
239.99
258.99
313.99
11.99
585.99
8.99
251.99
297.99
387.99
683.99
731.99
742.99
753.99
3.99
76.99
66.99
45.99
45.99
17.99
61.99
49.99
19.99
58.99
5.99
268.99
6.99
7.99
8.99
7.99
7.99
9.99
271.99
311.99
1.99
4.99
7.99
7.99
5.99
15.99
16.99
4.99
4.99
3.99
8.99
3.99
1.99
11.99
12.99
243.99
15.99
43.99
32.99
16.99
17.99
31.99
37.99
46.99
39.99
2.99
5.99
9.99
8.99
21.99
51.99
9.99
11.99
12.99
13.99
17.99
22.99
28.99
4.99
41.99
6.99
7.99
7.99
16.99
18.99
19.99
19.99
65.99
5.99
67.99
51.99
31.99
36.99
11.99
15.99
7.99
21.99
7.99
16.99
16.99
8.99
11.99
57.99
11.99
16.99
7.99
21.99
12.99
18.99
15.99
9.99
7.99
18.99
8.99
8.99
11.99
9.99
27.99
14.99
8.99
195.99
9.99
17.99
31.99
23.99
16.99
162.99
15.99
21.99
15.99
34.99
6.99
16.99
16.99
3.99
16.99
13.99
17.99
17.99
19.99
19.99
21.99
21.99
22.99
23.99
25.99
26.99
31.99
84.99
21.99
9.99
28.99
24.99
105.99
13.99
4.99
6.99
27.99
11.99
23.99
12.99
12.99
17.99
18.99
11.99
14.99
15.99
8.99
185.99
99.99
11.99
17.99
17.99
17.99
17.99
17.99
161.99
161.99
161.99
189.99
245.99
15.99
6.99
8.99
12.99
15.99
19.99
6.99
7.99
7.99
7.99
7.99
7.99
7.99
8.99
8.99
94.99
109.99
161.99
32.99
35.99
42.99
42.99
42.99
46.99
47.99
49.99
54.99
59.99
59.99
63.99
65.99
65.99
65.99
91.99
135.99
61.99
62.99
68.99
88.99
89.99
92.99
156.99
29.99
31.99
318.99
35.99
35.99
42.99
42.99
47.99
502.99
54.99
65.99
75.99
99.99
1.99
1.99
12.99
13.99
22.99
12.99
19.99
21.99
28.99
15.99
18.99
6.99
8.99
21.99
9.99
9.99
4.99
4.99
12.99
8.99
9.99
11.99
2.99
4.99
6.99
6.99
27.99
2.99
115.99
18.99
22.99
24.99
25.99
287.99
41.99
41.99
42.99
44.99
57.99
79.99
24.99
53.99
53.99
4.99
17.99
7.99
41.99
129.99
129.99
129.99
129.99
46.99
46.99
46.99
46.99
46.99
46.99
46.99
43.99
44.99
58.99
63.99
75.99
5.99
7.99
53.99
12.99
53.99
5.99
5.99
111.99
46.99
51.99
51.99
51.99
51.99
51.99
53.99
53.99
95.99
14.99
11.99
15.99
15.99
23.99
22.99
21.99
21.99
41.99
27.99
35.99
35.99
37.99
38.99
38.99
39.99
41.99
43.99
43.99
45.99
45.99
45.99
53.99
53.99
53.99
54.99
61.99
11.99
32.99
53.99
59.99
96.99
51.99
51.99
32.99
34.99
41.99
41.99
41.99
41.99
53.99
53.99
43.99
45.99
32.99
34.99
53.99
54.99
1.99
24.99
34.99
45.99
45.99
51.99
51.99
51.99
12.99
12.99
11.99
11.99
27.99
2.99
5.99
5.99
24.99
45.99
46.99
109.99
124.99
173.99
47.99
63.99
289.99
306.99
434.99
246.99
207.99
11.99
14.99
11.99
17.99
11.99
17.99
41.99
4.99
137.99
55.99
65.99
2.99
13.99
23.99
33.99
24.99
45.99
28.99
96.99
3.99
3.99
42.99
45.99
5.99
8.99
9.99
1.99
1.99
1.99
1.99
5.99
27.99
4.99
4.99
4.99
4.99
4.99
4.99
4.99
4.99
4.99
4.99
4.99
4.99
4.99
4.99
4.99
4.99
4.99
35.99
5.99
5.99
5.99
5.99
5.99
5.99
5.99
5.99
5.99
5.99
5.99
5.99
5.99
5.99
6.99
6.99
6.99
6.99
6.99
6.99
6.99
6.99
6.99
6.99
6.99
6.99
6.99
6.99
6.99
6.99
6.99
6.99
6.99
6.99
6.99
6.99
6.99
6.99
6.99
6.99
6.99
6.99
6.99
6.99
6.99
6.99
6.99
6.99
6.99
6.99
6.99
6.99
6.99
6.99
6.99
6.99
6.99
6.99
6.99
6.99
6.99
6.99
6.99
6.99
6.99
6.99
6.99
6.99
6.99
6.99
6.99
6.99
6.99
6.99
6.99
8.99
8.99
9.99
9.99
9.99
9.99
9.99
9.99
9.99
9.99
9.99
9.99
9.99
9.99
11.99
11.99
11.99
11.99
11.99
11.99
8.99
8.99
8.99
8.99
8.99
8.99
8.99
8.99
8.99
8.99
8.99
8.99
11.99
4.99
4.99
5.99
8.99
9.99
9.99
5.99
5.99
5.99
5.99
5.99
6.99
6.99
6.99
6.99
7.99
7.99
8.99
8.99
8.99
8.99
8.99
8.99
8.99
8.99
8.99
9.99
9.99
9.99
9.99
9.99
9.99
9.99
11.99
9.99
9.99
9.99
6.99
75.99
16.99
11.99
11.99
11.99
11.99
12.99
12.99
12.99
13.99
13.99
13.99
13.99
14.99
14.99
14.99
15.99
17.99
17.99
17.99
21.99
21.99
3.99
3.99
34.99
34.99
4.99
4.99
4.99
4.99
4.99
4.99
4.99
4.99
4.99
4.99
4.99
5.99
5.99
5.99
5.99
5.99
5.99
5.99
5.99
5.99
6.99
6.99
6.99
6.99
6.99
6.99
6.99
6.99
6.99
6.99
6.99
7.99
7.99
7.99
7.99
7.99
7.99
7.99
7.99
7.99
8.99
8.99
8.99
8.99
8.99
8.99
9.99
9.99
9.99
9.99
9.99
9.99
23.99
4.99
4.99
6.99
7.99
7.99
8.99
8.99
9.99
11.99
28.99
136.99
54.99
61.99
65.99
5.99
11.99
53.99
37.99
23.99
23.99
23.99
45.99
5.99
51.99
37.99
1564.99
69.99
64.99
99.99
62.99
64.99
66.99
75.99
79.99
62.99
66.99
75.99
84.99
97.99
29.99
951.99
38.99
39.99
104.99
108.99
42.99
42.99
57.99
57.99
57.99
58.99
93.99
93.99
94.99
99.99
99.99
26.99
35.99
37.99
52.99
55.99
57.99
61.99
61.99
64.99
65.99
65.99
86.99
97.99
81.99
28.99
24.99
79.99
99.99
43.99
187.99
16.99
21.99
32.99
27.99
15.99
18.99
66.99
94.99
38.99
106.99
16.99
53.99
106.99
106.99
108.99
108.99
108.99
108.99
114.99
114.99
114.99
117.99
123.99
123.99
1239.99
126.99
126.99
1327.99
134.99
142.99
142.99
151.99
1511.99
174.99
185.99
233.99
284.99
285.99
317.99
421.99
497.99
497.99
57.99
57.99
649.99
649.99
71.99
71.99
72.99
75.99
78.99
78.99
78.99
83.99
83.99
832.99
844.99
87.99
91.99
92.99
99.99
99.99
99.99
99.99
113.99
114.99
121.99
121.99
16.99
21.99
32.99
99.99
283.99
132.99
95.99
63.99
112.99
155.99
192.99
327.99
111.99
141.99
19.99
19.99
23.99
23.99
23.99
23.99
23.99
27.99
29.99
31.99
33.99
33.99
33.99
33.99
52.99
56.99
57.99
57.99
57.99
57.99
59.99
59.99
59.99
61.99
61.99
63.99
65.99
67.99
68.99
69.99
81.99
81.99
91.99
94.99
97.99
97.99
97.99
113.99
66.99
97.99
5.99
14.99
44.99
46.99
31.99
23.99
34.99
51.99
52.99
22.99
62.99
142.99
49.99
54.99
55.99
8.99
201.99
19.99
44.99
47.99
127.99
127.99
161.99
161.99
167.99
169.99
174.99
174.99
176.99
181.99
237.99
37.99
21.99
71.99
7.99
8.99
36.99
22.99
4.99
6.99
7.99
16.99
1.99
1.99
2.99
307.99
118.99
136.99
37.99
5.99
5.99
3.99
53.99
85.99
125.99
193.99
194.99
194.99
202.99
268.99
374.99
374.99
401.99
401.99
96.99
6.99
104.99
117.99
121.99
81.99
88.99
89.99
73.99
82.99
285.99
296.99
124.99
138.99
77.99
201.99
261.99
162.99
185.99
189.99
252.99
283.99
439.99
11.99
11.99
23.99
78.99
43.99
21.99
47.99
64.99
72.99
21.99
161.99
18.99
55.99
7.99
1.99
106.99
113.99
114.99
127.99
25.99
44.99
47.99
59.99
67.99
82.99
54.99
57.99
57.99
91.99
26.99
29.99
29.99
439.99
502.99
358.99
397.99
21.99
2.99
24.99
24.99
25.99
25.99
36.99
44.99
22.99
54.99
62.99
7.99
7.99
75.99
75.99
139.99
41.99
69.99
91.99
134.99
151.99
171.99
178.99
187.99
203.99
141.99
134.99
194.99
115.99
144.99
172.99
178.99
201.99
237.99
241.99
544.99
123.99
137.99
139.99
153.99
159.99
162.99
164.99
167.99
179.99
187.99
192.99
193.99
202.99
213.99
222.99
229.99
252.99
281.99
308.99
428.99
79.99
324.99
1.99
1.99
1.99
15.99
15.99
15.99
15.99
15.99
15.99
15.99
16.99
16.99
16.99
16.99
17.99
17.99
17.99
18.99
18.99
18.99
18.99
18.99
18.99
18.99
19.99
19.99
19.99
21.99
21.99
21.99
21.99
21.99
21.99
21.99
21.99
23.99
23.99
23.99
23.99
23.99
23.99
23.99
24.99
24.99
27.99
27.99
27.99
27.99
27.99
29.99
35.99
35.99
39.99
41.99
63.99
68.99
71.99
76.99
81.99
87.99
27.99
27.99
28.99
118.99
31.99
31.99
31.99
31.99
31.99
31.99
31.99
35.99
35.99
35.99
35.99
35.99
36.99
36.99
36.99
39.99
39.99
39.99
39.99
39.99
39.99
39.99
39.99
39.99
39.99
42.99
43.99
43.99
43.99
43.99
43.99
43.99
43.99
43.99
43.99
45.99
46.99
46.99
46.99
46.99
47.99
47.99
48.99
51.99
51.99
51.99
51.99
51.99
52.99
52.99
52.99
52.99
52.99
52.99
52.99
53.99
53.99
54.99
54.99
56.99
58.99
63.99
68.99
69.99
72.99
78.99
78.99
79.99
84.99
156.99
124.99
141.99
142.99
148.99
174.99
179.99
184.99
56.99
54.99
75.99
54.99
58.99
58.99
166.99
84.99
11.99
22.99
18.99
18.99
11.99
12.99
12.99
14.99
12.99
7.99
19.99
2.99
8.99
19.99
9.99
4.99
14.99
13.99
13.99
14.99
15.99
15.99
2.99
16.99
19.99
21.99
7.99
9.99
9.99
6.99
15.99
3.99
2.99
11.99
12.99
4.99
86.99
92.99
92.99
93.99
93.99
93.99
61.99
61.99
35.99
39.99
41.99
29.99
4.99
7.99
5.99
188.99
5.99
1.99
9.99
8.99
1.99
2.99
109.99
109.99
109.99
18.99
31.99
37.99
12.99
15.99
17.99
64.99
32.99
35.99
45.99
54.99
57.99
92.99
15.99
15.99
15.99
15.99
15.99
15.99
24.99
33.99
14.99
14.99
14.99
21.99
21.99
21.99
21.99
21.99
24.99
31.99
33.99
35.99
36.99
36.99
39.99
39.99
53.99
72.99
74.99
74.99
74.99
74.99
28.99
28.99
33.99
33.99
5.99
2.99
9.99
24.99
31.99
31.99
31.99
31.99
31.99
31.99
33.99
34.99
34.99
34.99
34.99
34.99
36.99
36.99
36.99
36.99
38.99
39.99
39.99
39.99
41.99
41.99
51.99
53.99
56.99
57.99
61.99
61.99
61.99
67.99
72.99
73.99
76.99
83.99
91.99
6.99
6.99
6.99
8.99
5.99
5.99
26.99
9.99
9.99
9.99
15.99
2.99
3.99
13.99
7.99
46.99
33.99
6.99
6.99
15.99
4.99
5.99
8.99
33.99
6.99
24.99
42.99
437.99
8.99
13.99
16.99
186.99
186.99
93.99
15.99
17.99
5.99
6.99
16.99
6.99
18.99
26.99
41.99
31.99
85.99
59.99
62.99
84.99
85.99
99.99
99.99
124.99
173.99
224.99
121.99
135.99
41.99
41.99
57.99
8.99
11.99
27.99
8.99
27.99
5.99
12.99
7.99
11.99
21.99
7.99
6.99
11.99
13.99
3.99
17.99
9.99
18.99
13.99
5.99
61.99
12.99
12.99
13.99
13.99
14.99
16.99
42.99
42.99
46.99
65.99
4.99
11.99
15.99
16.99
33.99
33.99
11.99
33.99
44.99
63.99
14.99
28.99
141.99
18.99
21.99
11.99
8.99
73.99
22.99
3.99
66.99
23.99
8.99
8.99
9.99
41.99
14.99
31.99
5.99
1.99
5.99
35.99
213.99
22.99
23.99
39.99
22.99
36.99
121.99
124.99
126.99
127.99
132.99
134.99
138.99
148.99
21.99
21.99
22.99
23.99
25.99
23.99
24.99
25.99
26.99
26.99
26.99
27.99
29.99
31.99
33.99
34.99
36.99
38.99
39.99
88.99
22.99
22.99
22.99
24.99
25.99
27.99
27.99
23.99
26.99
16.99
17.99
77.99
12.99
3.99
7.99
7.99
37.99
37.99
41.99
47.99
53.99
3.99
56.99
34.99
188.99
516.99
21.99
15.99
15.99
15.99
29.99
29.99
2.99
4.99
6.99
5.99
23.99
11.99
17.99
9.99
123.99
98.99
12.99
1.99
1.99
15.99
11.99
6.99
149.99
11.99
12.99
12.99
14.99
15.99
17.99
7.99
8.99
8.99
8.99
9.99
3.99
82.99
5.99
14.99
8.99
9.99
12.99
11.99
37.99
29.99
42.99
7.99
7.99
114.99
11.99
16.99
15.99
11.99
213.99
213.99
275.99
19.99
11.99
15.99
7.99
21.99
5.99
21.99
5.99
11.99
52.99
3.99
4.99
5.99
5.99
6.99
6.99
6.99
118.99
118.99
154.99
161.99
138.99
138.99
173.99
173.99
181.99
181.99
181.99
211.99
261.99
211.99
471.99
492.99
597.99
28.99
39.99
14.99
15.99
17.99
17.99
26.99
26.99
29.99
42.99
53.99
65.99
65.99
94.99
28.99
42.99
42.99
47.99
47.99
48.99
67.99
75.99
139.99
148.99
148.99
166.99
41.99
57.99
59.99
61.99
64.99
68.99
69.99
72.99
87.99
25.99
12.99
21.99
51.99
48.99
13.99
16.99
21.99
23.99
29.99
31.99
34.99
172.99
18.99
32.99
35.99
39.99
47.99
128.99
36.99
41.99
41.99
46.99
51.99
59.99
59.99
63.99
63.99
63.99
64.99
68.99
71.99
75.99
78.99
117.99
28.99
11.99
87.99
17.99
21.99
21.99
29.99
57.99
35.99
39.99
39.99
42.99
47.99
31.99
57.99
57.99
65.99
67.99
22.99
27.99
2.99
12.99
5.99
61.99
23.99
4.99
5.99
5.99
15.99
6.99
112.99
112.99
131.99
133.99
139.99
141.99
142.99
146.99
158.99
182.99
191.99
206.99
242.99
243.99
293.99
34.99
35.99
354.99
381.99
389.99
47.99
506.99
507.99
52.99
57.99
64.99
68.99
72.99
78.99
86.99
86.99
97.99
97.99
99.99
99.99
104.99
105.99
112.99
119.99
121.99
121.99
124.99
131.99
134.99
137.99
143.99
149.99
151.99
153.99
156.99
177.99
201.99
22.99
226.99
236.99
31.99
32.99
42.99
59.99
61.99
63.99
64.99
67.99
68.99
68.99
719.99
72.99
75.99
75.99
75.99
81.99
81.99
82.99
89.99
93.99
11.99
61.99
15.99
19.99
12.99
27.99
32.99
54.99
63.99
94.99
105.99
16.99
27.99
31.99
35.99
39.99
39.99
39.99
45.99
87.99
7.99
11.99
6.99
5.99
12.99
5.99
23.99
63.99
1.99
4.99
111.99
136.99
146.99
151.99
157.99
164.99
182.99
217.99
227.99
271.99
78.99
81.99
99.99
6.99
7.99
5.99
13.99
112.99
32.99
42.99
59.99
64.99
67.99
68.99
15.99
16.99
19.99
36.99
24.99
5.99
37.99
9.99
16.99
16.99
21.99
31.99
33.99
47.99
48.99
22.99
68.99
7.99
11.99
7.99
105.99
105.99
113.99
117.99
173.99
203.99
274.99
47.99
96.99
46.99
63.99
65.99
11.99
24.99
24.99
24.99
29.99
24.99
23.99
15.99
3.99
11.99
25.99
25.99
31.99
34.99
17.99
17.99
18.99
22.99
34.99
34.99
72.99
41.99
77.99
